#otro comentario

y <-1:1000
